1458487254238781450
1458487215219265538
1458487164208095232
1458480048068038657
1458480011904757771
1458479974529343489
1458476955955777538
1458476805015416837
1458474069226147842
1458474015505461253
1458473765512359936
1458091423832625169
1459304471784271873
1459304424665403396
1459307366663479301
1459307435173330949
1459579199807795200
1459579140659728391
1458084024073834500
1458076735426211847
1458076544052641799
1457822827193802758
1457822554157109260
1457821133491802118
1459586710157803526
1459586706521350154
1459586599524741132
1459586591039660048
1459301159441678344
1459301156199575561
1459301060800045056
1459301030332702721
1459301026985619469
1459301020719325191
1459301017728831498
